timestamp,Gyro_x,Gyro_y,Gyro_z,Accel_x,Accel_y,Accel_z,Mag_x,Mag_y,Mag_z
1730836476731,-2.163200,0.514200,0.963200,0.025100,0.197500,9.687200,-10.500000,-82.500000,4044.750000
1730836476832,-2.138700,0.420400,0.963200,0.028100,0.198700,9.703400,-11.750000,-83.000000,4051.500000
1730836476931,-2.106100,0.493800,0.914200,0.021500,0.204700,9.711800,-9.000000,-85.500000,4044.750000
1730836477031,-2.102000,0.473400,0.906100,0.010700,0.213100,9.708200,-4.500000,-89.000000,4053.500000
1730836477130,-2.208100,0.502000,0.967300,0.027500,0.195700,9.689600,-11.500000,-81.750000,4045.750000
1730836477230,-2.187700,0.465300,0.971400,0.022700,0.217900,9.717700,-9.500000,-91.000000,4057.500000
1730836477330,-2.110200,0.371400,0.951000,0.002300,0.205900,9.713600,-5.000000,-90.000000,4046.750000
1730836477430,-2.167300,0.485700,0.963200,0.019700,0.195700,9.691400,-8.250000,-81.750000,4046.500000
1730836477529,-2.118300,0.489700,0.959100,0.010700,0.219100,9.702800,-4.500000,-91.500000,4051.250000
1730836477629,-2.220400,0.481600,0.979500,0.017900,0.205300,9.690200,-7.500000,-85.750000,4046.000000
1730836477729,-2.061200,0.473400,0.889700,0.021500,0.205300,9.693800,-7.250000,-84.500000,4049.250000
1730836477828,-2.187700,0.497900,0.914200,0.008900,0.210100,9.699800,-3.750000,-87.750000,4050.000000
1730836477928,-2.122400,0.510200,0.918300,0.002900,0.204700,9.704000,-1.250000,-85.500000,4051.750000
1730836478028,-2.114200,0.436700,0.914200,0.022100,0.202900,9.709400,-9.250000,-84.750000,4054.000000
1730836478128,-2.191800,0.469300,-1.000000,0.017300,0.212500,9.707600,-8.000000,-85.750000,4048.750000
1730836478227,-2.040800,0.477500,0.914200,0.003500,0.213100,9.713000,-1.500000,-89.000000,4055.500000
1730836478327,-2.146900,0.440800,0.942800,0.012500,0.192700,9.697400,-5.250000,-80.500000,4049.000000
1730836478426,-2.228500,0.477500,0.975500,0.017300,0.211300,9.693800,-7.250000,-88.250000,4047.500000
1730836478526,-2.134600,0.506100,0.922400,0.010700,0.205300,9.708200,-8.000000,-89.000000,4051.500000
1730836478626,-2.110200,0.477500,0.934600,0.022100,0.200500,9.689600,-9.250000,-83.750000,4045.750000
1730836478725,-2.134600,0.469300,0.975500,0.013700,0.214900,9.705200,-5.750000,-89.750000,4052.250000
1730836478824,-2.208100,0.493800,0.946900,0.019700,0.200500,9.711200,-8.250000,-83.750000,4054.750000
1730836478925,-2.183600,0.771400,0.967300,0.010700,0.199900,9.702800,-9.500000,-83.500000,4051.250000
1730836479024,-2.114200,0.624400,0.930600,0.032900,0.201100,9.688400,-13.750000,-84.000000,4045.250000
1730836479123,-2.106100,0.477500,0.963200,0.041300,0.211900,9.705200,-17.250000,-88.500000,4052.250000
1730836479224,-2.097900,0.461200,0.881600,0.023900,0.196300,9.692000,-10.000000,-82.000000,4046.750000
1730836479322,-2.126500,0.477500,0.926500,0.025100,0.199900,9.705800,-10.500000,-83.500000,4052.500000
1730836479423,-2.179500,0.465300,0.951000,0.038300,0.206500,9.705200,-16.000000,-90.000000,4055.500000
1730836479523,-2.106100,0.469300,0.922400,0.016700,0.207100,9.702800,-7.000000,-86.500000,4051.250000
1730836479622,-2.024400,0.412200,0.926500,0.031100,0.198100,9.702800,-13.000000,-82.750000,4051.250000
1730836479722,-2.106100,0.469300,0.910200,0.040700,0.200500,9.692600,-17.000000,-83.750000,4047.000000
1730836479822,-2.110200,0.473400,0.942800,0.035300,0.196300,9.699800,-16.000000,-81.500000,4046.500000
1730836479921,-2.151000,0.473400,0.934600,0.021500,0.200500,9.707000,-9.000000,-83.750000,4053.000000
1730836480021,-2.089700,0.440800,0.918300,0.037100,0.204100,9.693800,-15.500000,-85.250000,4047.500000
1730836480121,-2.159100,0.453000,0.946900,0.037700,0.199300,9.699200,-15.750000,-83.250000,4049.750000
1730836480219,-2.183600,0.440800,0.942800,0.026900,0.201100,9.697400,-16.500000,-80.750000,4051.500000
1730836480320,-2.122400,0.453000,0.987700,0.029900,0.203500,9.695000,-12.500000,-85.000000,4048.000000
1730836480420,-2.146900,0.432600,0.922400,0.034100,0.196900,9.703400,-14.250000,-82.250000,4051.500000
1730836480519,-2.171400,0.440800,0.930600,0.031100,0.201700,9.696800,-13.000000,-84.250000,4048.750000
1730836480619,-2.187700,0.461200,0.906100,0.031100,0.196300,9.694400,-16.000000,-85.250000,4051.000000
1730836480719,-2.118300,0.485700,0.902000,0.033500,0.199300,9.708800,-14.000000,-83.250000,4053.750000
1730836480818,-2.130600,0.489700,0.914200,0.029300,0.196300,9.693200,-12.250000,-82.000000,4047.250000
1730836480918,-2.122400,0.497900,0.930600,0.026300,0.205300,9.709400,-11.000000,-85.750000,4054.000000
1730836481018,-2.146900,0.514200,0.946900,0.032300,0.205300,9.689000,-11.000000,-86.000000,4051.750000
1730836481117,-2.167300,0.448900,0.918300,0.026300,0.202300,9.700400,-11.000000,-84.500000,4050.250000
